60908
60907
60906
21309
21308
54233
54232
54231
54230
54237
54236
54235
54234
54239
10650
54238
21314
21313
21312
21311
21310
60919
21319
60915
21318
54240
76490
21317
76491
21316
76492
21315
76493
54244
76494
54243
60921
76495
54242
76496
54241
76497
54248
76498
54247
76499
54246
54245
54249
104704
60929
60926
54251
54250
54255
54254
54253
60930
54252
54259
10639
54258
54257
54256
60937
54262
54261
54260
54266
54265
54264
54263
60940
54269
54268
54267
10642
10644
20896
20895
20894
20893
20892
20891
20890
54273
60947
20899
54272
20898
54271
20897
54270
54277
54276
54275
54274
60950
54279
54278
103403
104732
54280
54284
60958
54283
54282
54281
54288
54287
54286
54285
54289
103412
104743
20874
20873
20872
20871
20870
54291
54290
83609
20879
20878
54295
83606
20877
54294
83605
20876
54293
83608
20875
54292
83607
54299
83613
54298
83612
54297
83615
54296
83614
60971
83611
83610
20885
20884
20883
20882
20881
104730
20880
20889
20888
20887
20886
83602
83601
60986
83604
83603
83600
104721
21389
21388
21387
21386
21385
21384
59087
53781
53782
76420
53780
51122
76421
53786
76422
84048
53783
76423
53784
76424
53789
21383
76425
21382
76426
21381
76427
84047
53788
104776
21380
76428
76429
84043
84042
21399
21398
21397
21396
21395
59096
59095
53792
51130
76410
76411
51135
76412
53795
76413
104788
21394
76414
21393
76415
84033
51139
53798
21392
76416
21391
76417
21390
76418
76419
21369
21368
21367
84061
84060
21366
21365
21364
21363
21362
76440
76441
76442
76443
76444
76445
76446
21361
76447
84067
21360
76448
84066
76449
84069
84068
84063
84062
84065
84064
21379
21378
21377
21376
21375
21374
21373
51153
76430
76431
76432
76433
84059
76434
76435
9803
21372
76436
84056
9804
21371
76437
84055
21370
76438
84058
76439
84057
84052
84054
84053
21347
84081
21346
84080
21345
84083
21344
84082
21343
21342
21341
67501
21340
67506
67508
21349
21348
76460
76461
76462
51164
76463
76464
76465
52499
76466
76467
76468
76469
84088
84085
84084
84087
84086
21358
84070
21357
21356
84072
21355
84071
21354
21353
21352
21351
21359
54200
76450
76451
76452
76453
54204
76454
54203
76455
54202
76456
54201
76457
76458
84078
21350
54208
54207
76459
84077
54206
54205
84079
84074
84073
84076
54209
84075
21325
21324
21323
21322
21321
21320
21329
76480
21328
21327
76481
21326
76482
51184
54211
76483
54210
76484
76485
76486
54215
76487
51187
54214
76488
54213
76489
54212
54219
54218
54217
59909
54216
59905
21336
84092
21335
84091
21334
21333
67535
21332
21331
21330
84090
21339
21338
76470
21337
76471
54222
76472
54221
76473
59913
54220
76474
76475
54226
76476
54225
76477
54224
76478
54223
76479
9847
54229
84099
54228
54227
84096
84098
84097
105114
61326
59009
61319
75970
178969
83598
75971
83597
75972
178967
83599
75973
178968
75974
178965
83594
75975
178966
83593
15423
178963
75976
83596
75977
178964
83595
75978
178961
83590
75979
178962
83592
178960
83591
53707
61332
61333
178958
83587
75960
178959
83586
75961
178956
83589
75962
178957
83588
75963
178954
83583
53713
15435
75964
178955
83582
75965
178952
83585
15433
75966
178953
83584
75967
178950
75968
178951
75969
83581
83580
178990
178991
9881
59020
15409
75990
75991
75992
75993
75994
178989
75995
75996
178987
75997
178988
53721
75998
178985
75999
178986
178983
178984
178981
178982
105100
178980
15410
61353
61355
61356
61358
15419
75980
59038
75981
59037
75982
75983
178978
59039
75984
178979
75985
178976
75986
178977
75987
178974
75988
178975
75989
178972
178973
178970
178971
105159
61363
61364
59041
59040
178929
84009
84008
178927
178928
178925
84005
84004
178926
178923
84007
178924
84006
178921
84001
178922
84000
84003
178920
84002
38988
105163
61371
105168
61376
178918
178919
178916
178917
178914
178915
178912
178913
53756
178910
178911
53755
53758
61381
61383
53760
178949
178947
76400
178948
76401
178945
76402
178946
76403
178943
84023
76404
178944
84022
76405
178941
84025
76406
178942
84024
76407
76408
178940
76409
84021
84020
61394
61396
105145
61397
61398
59079
59074
84019
178938
178939
52443
53774
178936
84016
53775
178937
84015
178934
84018
53773
178935
84017
178932
84012
38951
178933
84011
178930
84014
38953
178931
84013
38955
84010
38957
61390
20852
20851
20850
54192
54191
20859
54190
20858
20857
83507
54196
20856
54195
20855
83506
54194
20854
83509
54193
20853
83508
60878
83514
60877
54199
83513
54198
83516
54197
83515
83510
83512
83511
102910
20863
20862
20861
20860
20869
20868
20867
20866
20865
20864
83503
60888
83502
83505
83504
60884
83501
60882
83500
75905
20830
75906
75907
75908
75909
20838
20837
20836
20835
20834
83529
20833
83528
58570
20832
20831
83536
83535
83538
83537
83532
83531
20829
83534
60893
20828
83533
75910
83530
75911
75912
75913
75914
75915
51949
20841
20840
51947
15492
20849
20848
20847
20846
20845
83518
20844
83517
20843
20842
83519
83525
83524
83527
83526
83521
83520
83523
20839
83522
75900
75901
75902
75903
102900
75904
75927
15460
75928
75929
15465
20816
20815
20814
20813
20812
20811
20810
83558
83557
83559
83554
20809
20808
83553
83556
20807
20806
83555
75930
83550
75931
75932
83552
83551
75933
75934
101623
75935
75936
75937
75916
75917
75918
75919
20827
20826
20825
20824
20823
20822
83539
20821
20820
83547
83546
83549
83548
83543
20819
83542
83545
20818
20817
83544
178998
75920
178999
75921
178996
83541
51973
75922
178997
83540
75923
178994
75924
178995
75925
178992
75926
178993
75949
61300
61301
101605
83579
83576
83575
75950
83578
75951
83577
75952
83572
75953
83571
75954
83574
75955
83573
75956
75957
83570
75958
75959
75938
75939
20805
20804
20803
20802
20801
20800
101615
83569
83568
83565
83564
83567
75940
83566
75941
83561
75942
83560
75943
83563
75944
83562
75945
75946
75947
75948
21424
21423
21422
21421
21420
101551
21429
21428
54350
21427
21426
21425
54354
54353
54352
54351
54358
54357
54356
54355
58719
54359
21435
21434
21433
21432
21431
21430
54361
21439
21438
54360
21437
21436
54365
54364
54363
54362
54369
54368
54367
54366
10785
21402
21401
21400
21409
21408
21407
21406
54372
21405
54371
21404
54370
21403
54376
54375
54374
54373
54379
54378
54377
21413
21412
16064
21411
21410
21419
21418
21417
54383
21416
54382
21415
54381
21414
54380
54387
54386
54385
54384
54389
54388
83709
54390
83708
54394
83705
54393
83704
83707
54392
83706
54391
53066
54398
83712
54397
83711
54396
83714
10735
54395
83713
83710
54399
104612
38296
16045
38290
53074
58767
83701
83700
83703
83702
53079
58765
58764
58770
83727
38280
53085
83726
83729
38282
83728
53088
58778
83734
83733
83736
58779
83735
83730
58773
58776
83732
58775
83731
38279
53091
83719
58783
53090
83716
83715
83718
83717
53099
83723
58788
83722
83725
83724
58787
83721
83720
104664
76540
76541
51243
76542
76543
84169
76544
76545
104656
76546
76547
84165
104654
76548
76549
60195
84164
103342
76530
76531
84159
76532
84158
51256
76533
76534
76535
76536
76537
84157
76538
84156
76539
84151
84150
84153
84152
21489
21488
84182
21487
21486
21485
103311
21484
21483
178909
51261
76560
178907
76561
178908
76562
178905
178906
76563
76564
178903
76565
178904
76566
178901
52596
76567
178902
21482
76568
84188
21481
76569
178900
84187
21480
103303
84189
84184
84183
84186
84185
21499
84170
21498
21497
21496
21495
21494
76550
76551
76552
54303
76553
51275
54302
76554
54301
76555
54300
76556
21493
54307
76557
84177
21492
54306
76558
21491
54305
76559
104644
21490
54304
84178
54309
84175
54308
84174
21468
21467
21466
21465
21464
21463
21462
21461
21469
54310
54314
54313
54312
51288
54311
21460
54318
9936
54317
54316
104699
54315
54319
21479
84191
21478
84190
21477
84193
21476
84192
21475
21474
21473
21472
51291
54321
54320
54325
54324
54323
54322
9946
21471
54329
84199
21470
54328
84198
54327
54326
84195
84194
84197
84196
21446
104682
21445
21444
21443
21442
21441
21440
21449
21448
21447
54332
54331
54330
54336
54335
54334
54333
54339
54338
54337
21457
66322
21456
21455
21454
21453
21452
21451
21450
21459
21458
54343
54342
54341
54340
54347
54346
54345
54344
54349
54348
74758
53817
59121
59123
61448
61449
59126
178848
178849
178846
178847
178844
178845
178842
178843
178840
178841
9998
74766
61452
61453
20904
20903
61456
20902
74760
20901
20900
178839
59137
178837
178838
178835
178836
178833
178834
178831
68082
178832
53838
178830
77808
77809
178870
84107
84104
84103
178868
84106
77810
178869
84105
60133
77811
178866
84100
178867
77812
77813
178864
84102
77814
178865
84101
77815
178862
77816
178863
77817
178860
77818
178861
61471
74788
74787
59154
59157
178859
59158
178857
178858
178855
53856
178856
53853
15533
178853
77803
178854
77804
178851
77805
178852
77806
77807
178850
61481
61482
74798
61487
105030
178808
178809
84129
178806
178807
53862
178804
84126
178805
84125
76500
178802
84128
76501
178803
84127
76502
178800
84122
53867
76503
178801
84121
51205
76504
84124
60152
76505
84123
51207
76506
76507
51209
76508
84120
76509
77819
105046
59176
59179
84119
84118
84115
53874
84114
77820
84117
77821
84116
77822
77823
84113
60161
60160
59183
178828
77850
178829
76520
178826
84148
76521
178827
84147
76522
178824
76523
178825
84149
76524
178822
84144
76525
178823
84143
76526
178820
84146
76527
178821
84145
51229
76528
84140
76529
84142
84141
59192
178819
178817
178818
178815
84137
76510
178816
84136
51234
76511
178813
84139
51233
76512
178814
84138
76513
178811
84133
51235
76514
178812
84132
76515
51238
84135
76516
51237
178810
84134
76517
76518
76519
84131
60181
84130
20973
20972
20971
20970
38267
20978
83628
20977
83627
105074
20976
20975
20974
83629
83635
83634
83637
83636
83631
83630
83633
83632
60991
105081
83617
83616
83619
83618
83624
83623
83626
83625
83620
83622
83621
20951
20950
105053
38244
20959
20958
20957
20956
20955
20954
83649
20953
20952
83657
83656
83659
83658
83653
83652
83655
20949
83654
83651
83650
20962
20961
20960
20969
20968
20967
20966
83639
20965
83638
20964
20963
83646
83645
83648
83647
83642
83641
83644
83643
83640
178891
178892
178890
20937
20936
20935
20934
20933
20932
20931
20930
83679
83678
102838
83675
20929
83674
20928
83677
20927
83676
178888
83671
178889
83670
15588
178886
83673
178887
83672
178884
178885
178882
178883
20940
178880
178881
68046
15590
20948
20947
20946
20945
20944
20943
61416
20942
20941
61407
83668
83667
83669
83664
83663
20939
178879
83666
20938
83665
178877
83660
178878
178875
83662
178876
83661
178873
178874
178871
178872
105099
105097
74735
105091
20915
20914
20913
20912
61425
20911
20910
59108
59107
59109
20909
20908
83697
20907
83696
59106
20906
83699
20905
83698
83693
83692
83695
83694
53802
83691
83690
53808
20926
20925
20924
61435
20923
20922
61437
20921
20920
83689
59115
20919
83686
60103
20918
83685
20917
83688
59116
20916
83687
178899
83682
53812
83681
15577
83684
178897
53810
178898
83683
178895
178896
53813
83680
178893
178894
66453
21545
21544
21543
21542
21541
21540
21549
54471
21548
54470
21547
21546
54475
54474
54473
104938
54472
54479
54478
54477
58830
54476
104932
21556
21555
21554
21553
21552
21551
21550
54482
53151
54481
21559
21558
54480
21557
58844
53154
54486
53155
54485
54484
54483
53158
54489
53156
54488
54487
178398
178399
21523
21522
21521
21520
83808
83807
21529
21528
83809
21527
54493
83804
21526
54492
83803
54491
21525
83806
83805
21524
54490
54497
83811
54496
83810
58857
53163
54495
83813
54494
83812
53169
58853
54499
54498
58858
21534
21533
21532
21531
21539
21538
21537
21536
21535
83800
83802
83801
58862
104925
178374
21501
21500
178375
178372
178373
178370
178371
21509
21508
83829
21507
21506
21505
83826
21504
83825
21503
83828
21502
83827
83833
83832
83835
58878
83834
58872
83831
83830
178369
178367
178368
178365
178366
21512
178363
21511
178364
21510
178361
178362
178360
58880
83819
21519
83818
21518
21517
21516
83815
21515
83814
21514
83817
21513
83816
83822
53199
83821
83824
58889
53197
83823
83820
103656
178358
178359
178356
178357
177023
178354
177024
178355
68214
178396
178397
178394
178395
178392
178393
178390
178391
83848
83847
83849
83855
77177
83854
104959
77178
83857
77179
83856
83851
83850
83853
83852
178389
178387
178388
178385
178386
178383
178384
178381
178382
38399
178380
83837
38390
83836
83839
83838
83844
83843
83846
83845
83840
83842
83841
178378
178379
178376
178377
84281
84280
10019
15700
84287
10010
84286
84289
84288
84283
84282
15702
84285
84284
84270
54402
54401
84279
54400
54406
84276
54405
84275
54404
84278
54403
84277
84272
54409
84271
54408
84274
54407
84273
76680
37959
54413
54412
54411
54410
54417
54416
54415
54414
54419
54418
84290
84292
84291
54420
76672
54424
76675
54423
54422
54421
54428
84298
54427
84297
54426
37942
54425
84299
84294
37944
84293
84296
54429
84295
21589
21588
21587
21586
21585
21584
21583
21582
75369
66417
75367
75366
75365
75364
54431
54430
54435
54434
54433
54432
53107
21581
54439
21580
54438
53105
54437
37931
54436
66421
21599
21598
21597
21596
21595
21594
21593
75379
66429
75378
66426
75377
75376
75375
75374
75373
75372
37925
58800
53110
54442
75371
54441
75370
54440
54446
54445
54444
54443
21592
21591
54449
21590
54448
58809
54447
21567
21566
21565
21564
21563
21562
21561
66434
21560
75389
75388
75387
75386
75385
21569
75384
21568
75383
54453
75382
53121
54452
75381
54451
54450
54457
54456
54455
54454
58818
54459
54458
21578
21577
21576
66441
21575
66446
21574
21573
21572
21571
75399
75398
54460
75397
75396
75395
21579
75394
54464
75393
54463
75392
58824
54462
75391
54461
75390
54468
53137
54467
54466
54465
21570
54469
58827
52609
61560
61561
61564
84207
84206
84209
84208
59247
84203
84202
59249
60234
84205
84204
53943
60231
53941
84201
53942
84200
68199
60248
60241
84229
84228
84225
53962
84224
51300
84227
84226
53965
84221
84220
76603
84223
76604
84222
84218
84217
84219
84214
60268
84213
84216
84215
60265
84210
51315
84212
84211
15659
51319
51318
59289
59284
84247
84246
84249
84248
84243
84242
84245
84244
84241
84240
84239
84236
84235
84238
84237
84232
84231
84234
53997
84233
84230
84269
84268
60298
84265
84264
84267
84266
84261
84260
84263
84262
84258
84257
84259
84254
84253
84256
84255
84250
76639
84252
84251
178330
177000
178331
58792
58791
83749
83748
83756
83755
83758
83757
83752
83751
178329
83754
83753
178327
178328
178325
83750
178326
178323
178324
178321
178322
178320
38375
38376
38377
10819
83738
83737
83739
83745
83744
83747
83746
83741
83740
83743
178318
178319
83742
178316
178317
178314
178315
178312
178313
178310
178311
177021
178352
177022
178353
178350
178351
177020
61502
61505
83778
83777
83779
83774
83773
83776
83775
177018
178349
83770
177019
177016
178347
83772
177017
178348
83771
177014
178345
177015
178346
177012
178343
177013
178344
177010
178341
177011
178342
178340
83759
83767
83766
83769
83768
83763
83762
177009
83765
83764
177007
178338
177008
178339
177005
178336
83761
177006
178337
83760
177003
178334
177004
178335
177001
178332
178333
177002
61527
83799
59209
83796
83795
83798
83797
83792
83791
83794
83793
83790
53907
53905
59210
83789
83788
60204
83785
83784
83787
83786
83781
38336
83780
38337
39669
83783
83782
53919
39651
61548
60218
178309
60213
178307
178308
53921
15689
178305
68172
53922
178306
178303
39657
68170
178304
178301
178302
178300
53929
15691
59233
61556
60229
60224
38314
60220
68188
21666
178297
21665
178298
21664
178295
21663
178296
21662
178293
21661
178294
21660
83907
83906
83909
83908
54592
83903
21669
54591
83902
21668
54590
83905
21667
77230
83904
53264
54596
77231
83910
53265
54595
77232
53262
54594
77233
83912
54593
77234
83911
53268
77235
54599
77236
54598
77237
54597
77238
77239
104815
58957
21677
21676
21675
21674
21673
21672
21671
21670
21679
21678
58965
77220
77221
58967
77222
83901
77223
83900
77224
77225
58963
77226
77227
77228
77229
58968
21644
21643
21642
21641
21640
83929
83928
58970
21649
83925
21648
77250
21647
83924
83927
21646
77251
21645
77252
83926
53286
77253
83932
77254
83931
77255
83934
77256
83933
58972
77257
58971
77258
58974
53288
77259
83930
21655
21654
21653
21652
21651
68305
21650
83918
83917
58981
83919
53293
21659
83914
21658
53294
83913
21657
77240
83916
21656
77241
83915
53297
77242
83921
58986
53298
77243
83920
53295
83923
77244
83922
53296
77245
58983
77246
58982
77247
53299
77248
58984
77249
178299
21622
21621
21620
21629
21628
21627
77270
21626
77271
83947
21625
77272
83946
21624
77273
83949
21623
77274
83948
77275
83954
77276
83953
77277
83956
77278
83955
77279
83950
83952
83951
21633
21632
21631
21630
104870
83939
21639
21638
83936
21637
77260
77261
21636
83935
77262
21635
83938
21634
77263
83937
77264
83943
77265
83942
77266
83945
77267
83944
77268
77269
83941
83940
21600
21608
21607
77290
21606
77291
21605
77292
21604
77293
83969
21603
77294
83968
21602
77295
21601
77296
77297
83976
77298
83975
83978
77299
83977
83972
83971
83974
83973
83970
21611
21610
21619
21618
21617
77280
77281
21616
21615
77282
83958
21614
77283
83957
21613
77284
83959
21612
77285
55036
77286
83965
83964
77287
55034
77288
83967
77289
83966
83961
55039
83960
55038
83963
21609
55037
83962
54512
54511
54510
54516
54515
54514
54513
54519
54518
54517
51492
54523
54522
54521
54520
15832
54527
84397
51499
54526
84396
54525
84399
54524
84398
15834
54529
84395
54528
54530
54534
54533
54532
54531
53201
54538
53207
104877
54537
54536
53205
54535
53208
54539
54541
54540
58900
53213
54545
54544
54543
54542
54549
54548
54547
104886
54546
74150
58910
54552
54551
54550
54556
54555
54554
54553
54559
54558
58919
54557
58914
54563
58920
54562
58923
54561
58922
54560
54567
54566
53233
54565
53234
54564
54569
54568
58925
58924
58927
67883
21688
21687
21686
21685
21684
21683
21682
21681
54570
21689
53242
54574
54573
77210
54572
77211
53241
54571
77212
54578
77213
53247
54577
77214
54576
77215
54575
77216
21680
77217
77218
77219
54579
58937
21699
21698
21697
20365
21696
20364
21695
20363
21694
20362
21693
20361
21692
54581
53250
54580
53253
54585
54584
53251
54583
77200
54582
77201
54589
77202
54588
77203
53255
54587
77204
54586
77205
21691
77206
21690
77207
77208
77209
58947
84328
84327
84329
84324
84323
84326
84325
84320
38425
84322
84321
15793
58044
59375
58045
59376
84309
84317
84316
84319
84318
84313
59378
84312
84315
84314
15798
52742
84311
84310
38416
60360
10072
15760
59385
84349
84346
84345
84348
84347
84342
84341
84344
105205
84343
105208
84340
10080
59392
84339
84338
84335
84334
84337
84336
84331
84330
84333
84332
52769
75409
75408
75407
75406
75405
75404
75403
75402
75401
75400
58074
52777
84363
84360
75419
75418
75417
75416
75415
75414
75413
75412
62104
75411
75410
84357
84356
84359
84358
84353
84352
52786
84355
52787
84354
84351
84350
58091
58093
84380
58092
58099
62114
75423
58098
75422
75421
75420
58095
58094
58097
58096
52795
10034
10038
62126
15739
54501
54500
54505
49960
54504
54503
54502
54509
54508
54507
54506
77190
77191
77192
77193
77194
77195
77196
77197
77198
83877
77199
83876
83879
83878
68230
68247
77180
77181
77182
77183
83859
77184
83858
77185
77186
77187
83866
77188
83865
77189
83867
83862
83861
83864
83863
83860
38487
83899
83898
83895
83894
83897
83896
83891
83890
83893
83892
68252
83888
83887
83889
83884
83883
83886
83885
83880
68260
83882
83881
38460
60308
38453
59338
84306
84305
84308
84307
84302
84301
84304
84303
84300
38449
68298
38430
21787
179024
21786
179023
21785
179022
21784
179021
21783
179020
21782
21781
21780
39070
39074
21789
77350
21788
76020
77351
77352
76021
76022
77353
76023
77354
76024
77355
76025
77356
76026
77357
76027
77358
76028
77359
76029
179019
179018
179017
179016
179015
179014
21798
179013
21797
179012
21796
179011
21795
21794
21793
21792
21791
21799
77340
76010
77341
76011
77342
76012
77343
76013
53395
77344
76014
77345
76015
77346
76016
77347
76017
77348
76018
21790
77349
76019
179009
179008
179007
179006
179005
179004
179003
21765
179046
21764
179045
21763
179044
21762
179043
21761
179042
21760
179041
179040
21769
77370
21768
76040
77371
21767
76041
77372
76042
21766
77373
55102
76043
77374
55101
76044
77375
55100
76045
77376
77377
76046
55106
76047
77378
55105
76048
77379
55104
76049
55103
55109
55108
55107
179039
179038
179037
179036
21776
179035
21775
179034
21774
179033
21773
179032
21772
179031
21771
179030
21770
21779
77360
21778
76030
77361
21777
76031
77362
55113
76032
77363
55112
76033
77364
55111
76034
77365
55110
76035
77366
55117
76036
77367
55116
76037
77368
55115
76038
77369
55114
76039
55119
55118
179029
179028
179027
179026
179025
21743
21742
21741
21740
21749
77390
21748
76060
77391
21747
55120
76061
77392
21746
76062
77393
76063
21745
77394
76064
21744
77395
76065
55124
77396
76066
55123
77397
55122
76067
77398
55121
76068
77399
76069
55126
55125
21754
21753
21752
21751
21750
21759
77380
21758
76050
77381
21757
76051
77382
21756
76052
77383
21755
76053
77384
76054
77385
76055
77386
76056
77387
76057
77388
76058
77389
76059
178598
178599
178596
178597
21721
179002
21720
179001
39012
179000
39016
21729
21728
76080
21727
76081
21726
76082
21725
76083
82758
21724
76084
82759
21723
76085
21722
76086
82765
76087
76088
82766
76089
82767
82768
82761
82762
82763
21719
82764
82760
21732
21731
21730
21739
21738
76070
21737
76071
21736
76072
21735
76073
21734
76074
21733
76075
76076
76077
76078
76079
82757
39008
53301
54633
53302
54632
54631
54630
53300
53305
54637
53306
54636
53303
54635
53304
54634
53309
53307
54639
53308
54638
179099
179098
179097
179096
179095
104310
179094
179093
179092
179091
179090
54640
53312
54644
53313
54643
53310
54642
53311
54641
53316
54648
15952
53317
54647
53314
54646
53315
54645
53318
53319
104307
54649
67961
54651
176849
53320
54650
53323
54655
176845
53324
54654
53321
54653
176847
53322
54652
176846
53327
54659
53328
54658
53325
54657
53326
54656
15924
53329
102595
53330
54662
53331
54661
54660
53334
54666
53335
54665
53332
54664
53333
54663
53338
53339
54669
102589
53336
54668
53337
54667
179068
20499
179067
20498
179066
20497
179065
103012
20496
179064
20495
179063
103014
20494
179062
20493
179061
179060
53341
54673
53342
54672
54671
77310
53340
54670
77311
53345
54677
77312
53346
54676
77313
53343
54675
77314
53344
54674
77315
20492
53349
77316
20491
77317
20490
53347
54679
77318
53348
54678
77319
179059
179058
179057
179056
179055
179054
179053
179052
179051
179050
54680
53352
54684
53353
54683
53350
54682
53351
54681
77300
54688
53356
77301
52026
77302
53357
54687
77303
53354
54686
53355
54685
77304
77305
77306
53358
77307
54689
53359
77308
77309
179049
179048
179047
179089
179088
179087
179086
179085
179084
179083
179082
179081
179080
54691
53360
54690
53363
54695
77330
53364
54694
76000
77331
53361
54693
76001
77332
53362
54692
76002
77333
53367
54699
76003
77334
53368
54698
76004
77335
53365
54697
76005
77336
53366
54696
76006
77337
76007
77338
76008
77339
53369
76009
20489
179079
20488
179078
20487
179077
179076
179075
179074
179073
179072
179071
179070
39083
53370
39082
53371
77320
53372
77321
77322
53373
77323
77324
77325
77326
77327
77328
77329
179069
38541
84449
84448
84445
84444
84447
84446
84441
84440
51524
84443
84442
84438
84437
84439
84434
84433
84436
84435
84430
84432
84431
76815
178509
178507
178508
178505
178506
178503
51543
178504
178501
178502
178500
38511
84452
76833
84451
76835
84450
10172
10171
38506
15870
54600
54604
54603
54602
54601
54608
54607
54606
54605
54609
54611
54610
54615
54614
54613
54612
54619
54618
54617
54616
104291
54622
54621
54620
54626
54625
54624
54623
54629
54628
54627
178572
178573
178570
178571
67029
21707
21706
21705
21704
21703
21702
21701
55041
9460
21700
55040
83998
83997
83999
83994
83993
55049
83996
55048
83995
178569
83990
178567
83992
16357
83991
178568
178565
178566
178563
178564
21710
178561
178562
178560
67039
21718
55050
21717
21716
21715
21714
55054
21713
55053
83979
9470
21712
55052
21711
55051
83987
55058
59415
55057
83986
55056
83989
55055
83988
83983
83982
83985
21709
21708
55059
83984
178558
178559
178556
83981
178557
83980
67032
178554
178555
178552
178553
178594
67048
178595
178592
178593
178590
178591
55061
55060
55065
55064
55063
55062
55069
55068
55067
55066
178589
178587
178588
178585
178586
178583
178584
178581
178582
55072
55071
58101
55070
58100
9494
55076
55075
55074
55073
58107
58106
55079
55078
58108
55077
58103
58102
58105
59436
58104
178578
178579
178576
67055
178577
178574
178575
55083
55082
55081
55080
55087
55086
55085
55084
58118
58117
55089
58119
55088
58114
59445
178529
84401
58113
84400
58116
178527
84403
58115
84402
178528
178525
178526
178523
67060
178524
178521
178522
178520
55090
38576
58121
55094
58120
55093
58123
55092
58122
55091
55098
55097
55096
55095
58129
58128
55099
58125
178518
58124
178519
58127
178516
58126
178517
60441
178514
178515
178512
178513
178510
178511
178550
178551
38564
58132
58134
58133
58130
58139
60458
84429
84428
60456
58136
84423
60455
58135
84422
58138
178549
58137
178547
38567
178548
178545
178546
178543
178544
178541
51505
178542
178540
38553
58143
58142
58145
58144
58141
58140
59471
59478
178538
84414
58148
178539
84413
178536
178537
60461
178534
178535
67098
178532
178533
178530
51516
67097
178531
20577
20576
20575
20574
20573
20572
20571
20570
82817
82818
82819
82813
82814
20579
76140
82815
20578
76141
82816
76142
76143
76144
76145
76146
76147
76148
76149
20588
20587
20586
20585
20584
20583
20582
20581
82806
82807
82808
82809
82802
82803
82804
20589
76130
82805
76131
76132
82810
76133
82811
76134
82812
76135
76136
76137
76138
76139
20580
20555
20554
20553
20552
20551
20550
20559
76160
20558
76161
20557
76162
20556
76163
103706
76164
76165
76166
76167
76168
76169
20566
20565
20564
20563
20562
20561
20560
20569
76150
20568
76152
20567
55234
76153
55233
76154
55232
76155
55231
76156
55238
76157
76158
55236
76159
55235
55239
20533
178495
20532
178496
15184
20531
178493
20530
178494
178491
178492
178490
20539
76180
20538
76181
55241
20537
76182
20536
55240
76183
76184
15180
20535
20534
76185
76186
59602
76187
76188
76189
55249
55248
55247
55246
178488
178489
178486
178487
20544
178484
20543
178485
20542
178482
20541
178483
20540
178480
178481
20549
76170
20548
55252
76171
20547
55251
76172
20546
55250
76173
20545
76174
55256
76175
55255
76176
55254
76177
55253
76178
76179
55259
55258
55257
178479
67230
178477
178478
178475
178476
20511
20510
15168
20519
20518
20517
20516
20515
55263
20514
55262
20513
55261
20512
55260
55267
55266
55265
55264
55269
20509
55268
15169
20522
20521
67254
20520
15177
15176
55270
20529
76190
20528
76191
20527
76192
55274
20526
76193
20525
55273
76194
20524
55272
76195
20523
55271
76196
55278
76197
55277
76198
55276
76199
55275
55279
178499
178497
178498
54750
38708
53422
54754
54753
61048
54752
61047
53421
54751
54757
54755
53429
62385
53430
53433
53431
61058
54769
53435
54766
53439
52109
62399
54772
52110
54771
54770
53444
53443
61068
61065
61063
61062
61061
52120
54782
54781
53455
77400
77401
52126
76100
76101
53466
76102
76103
76104
76105
76106
76107
76108
76109
53474
53477
53475
61097
61096
61095
20599
20598
20597
20596
20595
20594
20593
20592
53480
53481
76120
53485
76121
53482
76122
82800
53483
76123
82801
76124
76125
76126
53487
76127
20591
76128
20590
76129
52160
76110
76111
53494
76112
76113
76114
53497
76115
76116
76117
76118
76119
84569
84566
84565
84568
51640
84567
84562
84564
84563
38669
51647
84560
84559
84558
84555
84554
84557
51651
84556
84553
84552
9530
54703
54702
9526
54701
9527
54700
54707
54706
54705
54704
84570
54709
54708
54710
61004
54714
54713
38623
54712
54711
54718
54717
54716
54715
9554
54719
15992
38618
61018
54721
54720
61014
54725
54724
54723
54722
54729
54728
54727
54726
15960
15969
54732
61027
54731
54730
53404
54736
53405
54735
54734
54733
15968
53408
15967
53409
54739
54738
54737
9573
9578
54743
54742
54741
53410
54740
54747
54746
61033
54745
54744
53419
61031
54749
54748
178451
178452
178450
82787
82788
82789
82783
82784
82785
82786
178448
178449
82780
178446
82781
178447
82782
178444
67143
178445
178442
178443
20500
178440
178441
67155
20508
76090
20507
76091
20506
76092
20505
76093
76094
20504
82769
20503
76095
20502
76096
20501
76097
76098
82776
76099
82777
82778
82779
82772
82773
178439
82774
82775
178437
178438
178435
82770
82771
178436
178433
178434
178431
178432
178473
178474
178471
178472
178470
52909
21806
21805
59542
21804
21803
21802
21801
21800
59548
84506
67161
178468
178469
67164
178466
178467
178464
178465
178462
178463
178460
178461
82798
82799
82794
82795
21808
82796
21807
82797
178459
82790
67172
82791
178457
82792
178458
82793
178455
178456
178453
178454
178408
178409
178406
178407
60551
178404
178405
178402
178403
178400
178401
38690
59574
84508
84507
84509
84511
67190
84510
60562
51613
67198
178430
38685
178428
178429
178426
178427
178424
178425
178422
178423
178420
76927
178421
59592
84538
178419
178417
178418
178415
178416
178413
178414
178411
178412
178410
20698
20697
20696
20695
20694
20693
20692
20691
76260
76261
20699
76262
76263
76264
76265
76266
76267
76268
76269
20690
76250
76251
76252
76253
76254
76255
76256
76257
76258
76259
20676
20675
20674
20673
20672
20671
20670
76280
76281
20679
76282
20678
76283
20677
76284
76285
76286
76287
76288
76289
20687
20686
20685
20684
20683
20682
20681
20680
76270
76271
20689
76272
20688
76273
76274
76275
76276
76277
76278
76279
54025
20654
20653
20652
20651
20650
67347
20659
20658
54030
20657
20656
20655
20665
20664
20663
20662
20661
20660
76290
76291
20669
76292
20668
76293
20667
76294
20666
76295
76296
76297
76298
76299
15285
20632
20631
20630
20639
20638
20637
20636
20635
20634
20633
54055
20643
20642
20641
20640
20649
20648
20647
20646
20645
20644
54069
54871
54870
53543
54875
54874
54873
124146
54872
54879
53548
61166
54878
53545
38821
54877
54876
103220
66868
54882
54881
54880
54886
53555
54885
54884
61179
54883
53558
54889
38810
54888
53557
54887
54893
54892
54891
54890
76200
53565
54897
76201
54896
76202
53563
52232
54895
76203
53564
54894
76204
53569
61189
76205
76206
53567
54899
76207
54898
76208
76209
61190
53578
53579
104583
103251
104586
76220
76221
76222
76223
76224
53588
76225
76226
76227
76228
76229
104593
104592
103267
53594
76210
52262
76211
53598
76212
76213
76214
76215
76216
76217
76218
76219
103231
76240
76241
76242
76243
76244
76245
76246
76247
76248
76249
76230
76231
76232
76233
76234
76235
76236
76237
76238
76239
38782
103177
38784
62412
62416
62418
178729
178727
178728
178725
178723
178724
178721
178722
178720
62420
62425
178718
178719
178716
178717
178714
178715
178712
178713
178710
38778
178711
9645
61109
61106
178749
178747
178748
103148
61101
178745
103147
178746
178743
178744
54817
178741
54816
178742
54815
178740
104494
54819
104493
54818
178738
54820
178739
178736
178737
54824
178734
54823
178735
38755
9647
54822
178732
54821
178733
178730
54828
54827
178731
54826
54825
54829
54831
176988
54830
176987
176989
53503
54835
176984
38743
54834
176983
54833
176986
50478
54832
176985
54839
176980
53508
54838
54837
176982
54836
176981
54842
176977
54841
176976
54840
176979
176978
54846
176973
54845
176972
38733
61132
54844
176975
54843
176974
53519
54849
54848
176971
54847
176970
103195
178709
178707
50492
178708
54853
178705
54852
178706
54851
178703
50496
54850
178704
54857
178701
54856
178702
53523
61143
54855
54854
178700
53527
54859
54858
54860
53532
54864
176999
54863
176998
61158
54861
61156
54868
176995
61155
54867
176994
54866
176997
54865
176996
176991
176990
176993
54869
176992
20610
20618
20617
55280
20616
20615
20614
20613
20612
20611
20609
20608
20621
15273
20620
20629
20628
20627
20626
20625
20624
20623
20622
20619
178798
178799
178796
178797
178794
178795
15246
67283
67284
67299
15253
20607
20606
20605
20604
20603
20602
20601
20600
67290
178770
178771
178769
178767
178768
178765
178766
178763
178764
178761
178762
178760
51729
178758
178759
178756
178757
178754
178755
178752
178753
102725
178750
178751
178792
51738
178793
178790
178791
178789
178787
178788
178785
178786
51748
178783
178784
178781
178782
38792
178780
62400
62404
62405
102705
102706
178778
178779
178776
178777
178774
15219
178775
178772
178773
76380
76381
76382
76383
76384
76385
76386
76387
54116
76388
76389
54119
54118
54117
67433
38099
67436
76370
76371
76372
54123
76373
60800
54122
76374
54121
76375
54120
76376
54127
76377
54126
76378
54125
76379
54124
54129
54128
20797
20796
20795
20794
20793
20792
20791
20790
60806
54130
60804
20799
20798
54134
54133
54132
54131
54138
55469
54137
55468
54136
55467
54135
54139
60817
76390
60816
54141
55472
76391
54140
55471
76392
60814
55470
76393
76394
54145
55476
76395
54144
55475
76396
54143
55474
76397
54142
55473
76398
54149
76399
54148
54147
54146
102624
67465
20775
179101
20774
179100
20773
20772
20771
20770
20779
54152
55483
20778
54151
55482
60825
20777
54150
20776
54156
55487
60833
54155
55486
54154
55485
54153
55484
54159
54158
55489
54157
55488
67462
59848
20786
20785
20784
20783
20782
20781
20780
55490
59850
54163
20789
54162
20788
54161
60835
20787
54160
54167
54166
54165
60842
54164
54169
54168
20753
20752
20751
20750
102660
54170
20759
20758
54174
60849
20757
20756
54173
60847
20755
54172
20754
54171
54178
54177
60855
54176
54175
54179
179116
67484
179115
67481
179114
67482
179113
20764
179112
20763
179111
20762
179110
51905
20761
51908
20760
59870
54181
54180
59871
20769
20768
54185
54184
20767
54183
20766
20765
54182
60867
54189
54188
54187
60865
54186
59874
59873
179109
179108
179107
179106
179105
179104
179103
179102
176948
176947
176949
52333
53664
76300
176944
76301
176943
76302
176946
76303
176945
76304
176940
76305
76306
176942
53667
76307
176941
76308
76309
66981
53671
176937
38938
53672
176936
176939
176938
176933
176932
52342
176935
176934
38931
176931
176930
14986
176969
76320
76321
76322
176966
76323
176965
76324
176968
53685
76325
176967
76326
176962
76327
176961
76328
176964
76329
176963
176960
176959
176958
38918
76310
76311
176955
76312
176954
76313
176957
76314
176956
76315
176951
76316
176950
76317
176953
76318
176952
38911
76319
104405
104462
104465
176908
176907
176909
76340
176904
76341
176903
76342
176906
76343
176905
76344
176900
76345
76346
176902
76347
176901
76348
76349
103144
103146
103145
76330
76331
76332
76333
76334
76335
76336
76337
9705
76338
103139
76339
67404
67408
176929
76360
51060
76361
76362
176926
76363
176925
76364
176928
76365
176927
55425
76366
176922
76367
176921
76368
176924
76369
176923
176920
55426
104439
176919
176918
76350
76351
176915
76352
176914
76353
176917
76354
176916
76355
176911
76356
176910
76357
176913
76358
176912
76359
104449
54909
54908
104382
54907
104383
54906
104381
178608
178609
50550
178606
83477
178607
83476
50552
178604
83479
178605
83478
54912
178602
83473
54911
178603
83472
178600
54910
83475
178601
83474
54916
54915
83471
54914
54913
83470
54919
54918
54917
66900
61209
83469
83466
176899
83465
83468
83467
176896
83462
176895
83461
83464
54921
176898
38899
54920
176897
83463
176892
176891
83460
176894
176893
38880
38881
75862
178628
83499
178629
83498
178626
178627
178624
83495
178625
83494
38887
178622
83497
178623
83496
178620
83491
178621
83490
83493
83492
75879
38870
104377
75878
104378
75877
104375
75876
75875
75874
75873
9770
178619
178617
83488
178618
83487
61235
178615
178616
83489
53613
178613
83484
53614
54944
178614
83483
54943
178611
83486
9769
54942
178612
83485
54949
83480
53618
54948
178610
53615
54947
83482
83481
75889
75888
75887
75886
75885
75884
75883
75882
75881
75880
53620
54952
176867
54951
176866
54950
176869
176868
61244
54956
176863
54955
176862
53622
54954
176865
53623
61241
54953
176864
53629
54959
54958
176861
53627
54957
176860
75899
38850
75898
38851
75896
75895
75894
75893
75892
75891
75890
176859
53631
176856
176855
176858
54960
176857
38852
176852
38853
176851
61253
176854
176853
176850
176890
53642
176889
176888
53646
176885
176884
176887
176886
176881
176880
176883
38848
176882
38839
53650
176878
176877
53652
176874
176873
53655
176876
176875
176870
176872
176871
15384
20731
178693
15383
20730
178694
178691
178692
178690
20739
20738
20737
20736
20735
20734
20733
20732
20729
178688
178689
178686
178687
178684
178685
51805
67399
20742
178682
20741
178683
67397
20740
178680
178681
20749
20748
20747
20746
20745
20744
54083
20743
60763
178679
178677
67390
178678
178675
51811
178676
178673
178674
15360
20717
20716
20715
20714
20713
20712
20711
60769
20710
20709
20708
20707
60770
20720
20728
20727
20726
20725
20724
20723
20722
20721
60788
60784
20719
20718
178699
178697
178698
178695
178696
50507
178650
83437
83436
83439
83438
178648
83435
178649
60793
178646
178647
51843
178644
178645
178642
178643
178640
178641
15354
20706
20705
20704
20703
20702
20701
20700
178639
178637
178638
178635
15358
178636
178633
178634
51856
178631
178632
178630
178671
178672
178670
15320
83459
83458
83455
83454
83457
83456
178668
83451
178669
83450
50534
178666
83453
178667
83452
178664
178665
178662
178663
178660
178661
83448
83447
83449
83444
83443
178659
83446
83445
83440
178657
15336
54900
178658
178655
83442
15334
178656
83441
54905
178653
54904
178654
54903
178651
178652
